0
40961
4098
45060
51209
4107
38925
40979
40987
38940
4130
40998
8238
38960
54
38977
12354
32845
10324
86
6235
28764
14431
28770
36966
16495
114
41074
34937
32892
39043
55446
32929
61609
30897
51380
28856
41144
41149
6340
2247
32972
22732
61646
63696
26833
59602
30935
43228
41183
39147
10477
63727
33012
53493
4346
39163
251
253
51450
2298
33025
61700
37134
39186
39189
47385
6425
41241
26908
4384
33058
59688
39219
61760
28999
33098
57675
16714
33103
26961
41299
41301
63829
41303
41306
51548
59759
31089
26996
31096
41337
41345
2436
41350
39311
29071
16790
37277
4519
41385
433
27059
61877
41397
6585
31166
4543
27073
59842
33220
51653
55750
22982
59850
41421
49614
39378
10708
474
27103
530916
41456
31218
23036
18945
37380
37386
4623
39441
64022
41499
41505
4657
29235
27194
33341
41542
4678
39496
41548
27224
27233
33380
39525
29289
41582
41585
27253
37494
27257
55934
49792
41601
27267
41605
37517
29329
37526
62107
41633
29349
41657
31418
15033
31423
41664
62145
2758
27338
39626
27347
37588
56019
41686
8919
43735
56033
31470
39671
8952
6913
29441
4879
27409
39699
4894
27425
52006
23343
2867
25404
37709
31571
25430
31576
39769
60250
27487
60259
37731
35686
25446
52076
23405
29549
41840
41841
37746
31600
52082
4981
15217
62331
27516
21372
894
39815
7055
37776
58257
29584
37780
39836
27551
31652
33711
31671
58300
41918
50116
31688
41940
31700
48087
27609
35808
41954
15331
62442
1003
37866
9197
33792
54277
29708
50188
33812
33819
3109
21547
9279
31811
29765
31813
1097
5194
5197
37966
19539
33879
31836
33889
15463
33897
40041
54383
3184
33904
40055
40076
31885
23698
40085
3222
46230
27806
33987
1219
25795
33990
42186
21708
42191
40144
21724
5342
25825
9441
25834
40175
38128
25849
38141
40192
25856
60672
32007
21768
1290
5389
32017
25881
27933
40226
29991
40231
38189
25906
25912
15673
34110
54596
40282
21856
32113
1400
30073
30076
34177
1410
38275
5517
1422
26011
46496
5549
60846
38334
40382
58821
40403
60894
17892
62949
38374
30184
15851
30191
40435
38388
28153
9722
19965
7680
60934
30223
40473
28187
28188
40477
40482
5667
11812
44582
54824
30257
1592
42553
38464
30292
15962
22107
36443
30309
40553
1641
34422
1655
61048
38523
40571
5757
52869
52895
63136
22177
28332
13996
28339
40632
32446
1736
3788
40655
40659
28377
32475
28383
38634
28402
32499
26354
1786
30461
63248
28433
28435
40733
16162
40739
53031
28457
42797
38704
40753
30515
28468
42804
30522
36676
30538
42828
42829
3918
42836
26460
55139
28515
28517
28516
5988
53096
28527
44915
6006
38776
26492
34692
34693
55174
10121
28556
28557
22412
28562
40858
28572
40862
38816
40867
36777
32683
51119
51124
4032
28622
61399
18401
55266
32739
16355
28647
36847
16379
36862
4095
40961
14339
45060
2053
51209
34826
28681
38925
55311
40987
38940
55329
24609
53284
16425
8238
38960
54
6201
38977
12354
24641
32845
10324
86
6235
28764
14431
28770
36966
18535
16495
114
45176
34937
61560
18554
32892
39037
39043
8332
144
53395
55446
34967
10399
32929
51367
2224
53428
41144
41149
6340
14533
2247
32972
61646
26833
59602
43228
43237
51430
39147
10477
63727
53493
51450
4346
39163
253
251
2298
33025
273
39186
55572
39189
6425
41241
26908
4384
59688
39219
61760
39232
35136
24900
28999
59721
16714
57675
61774
26961
14673
41301
63829
41303
41306
59751
59759
59768
31096
41337
41345
22916
2436
35209
16790
37277
4519
41385
2475
4525
433
27059
61877
31158
41397
6585
29114
31166
4543
27073
33220
51653
55750
59850
31180
41421
39378
2515
10708
25046
474
27103
23009
31207
16875
41456
31218
53753
23036
37380
37386
39441
25108
41505
4657
29235
27194
23100
33341
49731
4678
41542
39496
29272
27224
27233
60003
33380
39525
29289
35434
27253
37494
27257
55934
49792
41601
27267
43653
41605
51853
37517
29329
23187
37526
31385
62107
41633
41657
31418
6847
41664
2758
27338
39626
4811
53968
56019
37588
41686
8919
60128
56033
33514
29420
31470
39671
8952
6913
29441
35591
4879
27409
39699
4894
27425
52006
2867
52019
25404
19267
37709
25430
64344
39769
60250
31576
27487
29538
60259
37731
35686
25446
52076
23405
41840
41841
37746
31600
4981
62331
27516
21372
902
39815
7055
29584
37776
23444
13205
39830
39836
31652
15277
2990
943
23472
27569
31671
41913
58300
41918
7103
56257
60353
31688
27599
52179
41940
31700
48087
48088
48089
48090
35803
48091
48092
48093
48094
48095
48096
41954
48097
48098
48099
48100
48101
48102
48103
37866
1003
48104
48105
48106
48107
48112
48113
48108
48109
48110
48117
48118
48119
48111
48114
48115
48116
56318
54277
50188
39949
23568
33812
35863
33819
27683
15399
9279
31813
25669
1097
5194
33879
33889
29796
314701290511193298139295947223014161800492198147399946959321244341851870969331234337782521472714197566427075881674843950682763348462500001892931552289515966349676496419484745887314529996327524593927912326529402094007709612985214087837147267830331515960603522595427242339766759813848561090560
15463
33897
40041
3184
33904
40055
29821
5253
40076
31885
23698
40085
46230
25751
3222
27806
42174
9197
33987
1219
25795
33990
29899
29900
21708
40144
54488
5342
25825
9441
40162
15593
25834
42221
38128
25849
38141
25856
60672
25861
32007
21768
40201
1290
32013
32017
25881
40226
44326
40231
13611
38189
25906
9525
25912
15673
36156
54596
15331
40282
44402
32118
1400
30073
30076
34177
1410
28042
5517
1422
7568
26005
46490
26011
13728
48546
7588
5549
60846
38334
40382
58821
1486
60889
38374
30184
30191
40435
38388
9722
19965
32255
7680
60934
30223
30231
40473
28187
40477
24094
1570
11812
44582
54824
24117
1592
38464
40513
15943
22092
30292
15962
36443
7780
40553
40555
34422
1655
26234
38523
56961
56962
52869
26246
16015
1686
27609
52895
1696
52900
13996
28339
32446
1736
3788
40655
9937
40659
16084
48853
28377
32475
3804
28383
38634
32496
28401
28402
26354
1786
30461
30480
63248
28433
28435
40733
16162
53031
28457
28461
38704
40753
30515
28468
28471
30522
36676
30538
3918
1879
28506
28515
28516
28517
53096
28527
44915
22388
6006
26492
34692
34693
55174
10121
28556
46988
53141
59288
55194
38816
24480
36777
32683
51119
51124
28600
55227
30655
53184
55233
4032
35808
12233
28622
38871
61399
14299
55266
32739
26596
14310
30694
55272
24551
28647
36847
24565
16379
36862
